REACT_APP_MY_ACCOUNT_ID=0.0.14839574
REACT_APP_MY_PRIVATE_KEY=3030020100300706052b8104000a04220420860113a32727b124994645548af6a5e1b3494c4917eaf8668167c6b8c312a9de
REACT_APP_MY_PUPLIC_KEY=302d300706052b8104000a03220002d1222898d7b8fbc1515c516ff9b537f3de77ca9feb981b6ffe8618b6f6951d3b
REACT_APP_ACC_ID=0.0.14839574
REACT_APP_GODIDDY_APIKEY=26528395-d6f8-42f9-ac59-d2cd252b0a6b

REACT_APP_RESPONDER_DID_PUBLIC_KEY_HEX=cb527d7a6fd0a4b890d04f37144f155f58ffbc63ae021fa4392db841ca9eafa3
REACT_APP_RESPONDER_DID_PRIVATE_KEY_HEX=0bb8774020c3b7eebb850f64bb4dca53bacfa8593f09d3d7aad626ba079bc062cb527d7a6fd0a4b890d04f37144f155f58ffbc63ae021fa4392db841ca9eafa3